AHPI,4.63,5.91,8.13	
AREC,1.6,2.03,2.43	
ATHE,1.36,1.63,3.58	
BIMI,1.75,2.18,3.48
BNGO,0.48,0.65,0.98	
DTSS,1.93,2.287,2.889	
ENG,1.5,2.46,4.32	
JFIN,3.12,4.76,6.95
JRJC,9,10.68,11.99	
KERN,3.35,4.43,4.88	
KNDI,7.02,9.96,17.45	
LMNL,3.75,4.99,5.7	
MDGS,1.84,2.09,4.19	
MEDS,5.26,6.01,7.88	
SOLO,5.8,8.16,13.6	
SUNW,3.77,5.28,8	
UONEK,1.27,1.49,1.74	
CHNR,1.34,1.78,1.99
USEG,3.7,4.55,6.48	
VTGN,0.72,0.86,0.99	
WORX,1.56,1.78,2.63	
AIM,1.74,2.02,2.48

bad
AKER,1.82,2.55,2.94	
BNGO,0.48,0.56,0.64
WINS,4.2,5.01,5.49	
VTGN,0.72,0.83,0.86	
USEG,3.7,4.51,4.55	
CHNR,1.34,1.61,1.78	
WAFU,3.84,4.36,5.28	
JFIN,3.12,4.24,4.74	
BIMI,1.75,1.93,2.18