-{2020-06-01 08:55:52-04:00}-
1	800	303.91	800	2	1288	303.96	1288	
2	600	303.9	1400	2	1200	303.97	2488	
3	625	303.89	2025	5	2400	303.98	4888	
1	100	303.88	2125	1	100	303.99	4988	
1	500	303.87	2625	2	901	304.01	5889	
1	500	303.86	3125	2	1000	304.03	6889	
1	500	303.85	3625	1	100	304.04	6989	
1	500	303.84	4125	2	1000	304.06	7989	
1	100	303.83	4225	2	1000	304.08	8989	
1	500	303.82	4725	2	1000	304.11	9989	
1	500	303.81	5225	1	500	304.13	10489	
1	500	303.8	5725	1	500	304.16	10989	
1	500	303.79	6225	2	600	304.18	11589	
1	500	303.77	6725	1	500	304.21	12089	
1	500	303.76	7225	1	500	304.23	12589	
2	501	303.75	7726	2	200	304.3	12789	
1	500	303.72	8226	1	200	304.37	12989	
3	1505	303.7	9731	1	50	304.45	13039	
1	50	303.69	9781	3	323	304.5	13362	
1	500	303.67	10281	1	100	304.59	13462	
1	500	303.65	10781	2	101	304.75	13563	
2	599	303.62	11380	1	555	304.8	14118	
1	100	303.57	11480	1	200	304.81	14318	
7	4017	303.5	15497	1	7500	304.85	21818	
1	100	303.46	15597	7	276	305	22094	
1	277	303.41	15874	1	146	305.05	22240	
1	333	303.4	16207	1	50	305.46	22290	
1	1000	303.2	17207	1	400	306.11	22690	
1	50	303.05	17257	2	2001	306.5	24691	
5	122	303	17379	1	150	306.65	24841	
1	50	302.9	17429	1	250	306.68	25091	
1	50	302.8	17479	2	52	307.5	25143	
3	61	302.25	17540	1	300	307.76	25443	
1	50	301.71	17590	1	200	308.19	25643	
1	50	301.51	17640	2	150	311	25793	
1	50	301.05	17690	1	300	316.7	26093	
1	200	300.79	17890	2	52	317	26145	
3	231	300.25	18121	1	250	322	26395	
1	230	299.43	18351	0	0	0	0	
1	300	298.47	18651	0	0	0	0	
3	2026	298	20677	0	0	0	0	
2	113	296	20790	0	0	0	0	
1	300	295.2	21090	0	0	0	0	
1	100	295	21190	0	0	0	0	
1	97	290.19	21287	0	0	0	0	
3	362	290	21649	0	0	0	0	
3	202	285	21851	0	0	0	0	
1	200	276.01	22051	0	0	0	0	
1	100	275	22151	0	0	0	0	
1	100	274	22251	0	0	0	0	
4	99	260	22350	0	0	0	0	
5	160	250	22510	0	0	0	0	
1	50	247.13	22560	0	0	0	0	
1	600	245.4	23160	0	0	0	0	
1	600	245.37	23760	0	0	0	0	
1	200	240.5	23960	0	0	0	0	
1	200	234	24160	0	0	0	0	
1	200	227.5	24360	0	0	0	0	
1	200	221.99	24560	0	0	0	0	
1	200	214.5	24760	0	0	0	0	
1	100	208.5	24860	0	0	0	0	
1	200	208	25060	0	0	0	0	
1	50	207.15	25110	0	0	0	0	
1	100	200	25210	0	0	0	0	
1	50	199	25260	0	0	0	0	
1	200	195	25460	0	0	0	0	
1	55	183.18	25515	0	0	0	0	
1	200	182	25715	0	0	0	0	
1	100	180	25815	0	0	0	0	
1	100	170	25915	0	0	0	0	
1	200	51.19	26115	0	0	0	0	
1	50	0.83	26165	0	0	0	0	
0	0	0	0	0	0	0	0	
0	0	0	0	0	0	0	0	
0	0	0	0	0	0	0	0	
0	0	0	0	0	0	0	0	
0	0	0	0	0	0	0	0	
0	0	0	0	0	0	0	0	
0	0	0	0	0	0	0	0	
0	0	0	0	0	0	0	0	
0	0	0	0	0	0	0	0	
0	0	0	0	0	0	0	0	
0	0	0	0	0	0	0	0	
0	0	0	0	0	0	0	0	
0	0	0	0	0	0	0	0	
0	0	0	0	0	0	0	0	
0	0	0	0	0	0	0	0	
0	0	0	0	0	0	0	0	
0	0	0	0	0	0	0	0	
0	0	0	0	0	0	0	0	
0	0	0	0	0	0	0	0	
0	0	0	0	0	0	0	0	
0	0	0	0	0	0	0	0	
0	0	0	0	0	0	0	0	
0	0	0	0	0	0	0	0	
0	0	0	0	0	0	0	0	
0	0	0	0	0	0	0	0	
0	0	0	0	0	0	0	0	
0	0	0	0	0	0	0	0	
0	0	0	0	0	0	0	0	
0	0	0	0	0	0	0	0	
0	0	0	0	0	0	0	0	
0	0	0	0	0	0	0	0	
0	0	0	0	0	0	0	0	
0	0	0	0	0	0	0	0	
0	0	0	0	0	0	0	0	
0	0	0	0	0	0	0	0	
0	0	0	0	0	0	0	0	
0	0	0	0	0	0	0	0	
0	0	0	0	0	0	0	0	
0	0	0	0	0	0	0	0	
0	0	0	0	0	0	0	0	
0	0	0	0	0	0	0	0	
0	0	0	0	0	0	0	0	
0	0	0	0	0	0	0	0	
0	0	0	0	0	0	0	0	
0	0	0	0	0	0	0	0	
0	0	0	0	0	0	0	0	
0	0	0	0	0	0	0	0	
0	0	0	0	0	0	0	0	
-{2020-06-01 08:55:57-04:00}-
1	800	303.91	800	1	800	303.95	800	
2	600	303.9	1400	3	1738	303.96	2538	
3	625	303.89	2025	3	1300	303.97	3838	
1	100	303.88	2125	4	1600	303.98	5438	
1	500	303.87	2625	1	100	303.99	5538	
1	500	303.86	3125	2	901	304.01	6439	
1	500	303.85	3625	2	1000	304.03	7439	
1	500	303.84	4125	1	100	304.04	7539	
1	100	303.83	4225	2	1000	304.06	8539	
1	500	303.82	4725	2	1000	304.08	9539	
1	500	303.81	5225	2	1000	304.11	10539	
1	500	303.8	5725	1	500	304.13	11039	
1	500	303.79	6225	1	500	304.16	11539	
1	500	303.77	6725	2	600	304.18	12139	
1	500	303.76	7225	1	500	304.21	12639	
2	501	303.75	7726	1	500	304.23	13139	
1	500	303.72	8226	2	200	304.3	13339	
3	1505	303.7	9731	1	200	304.37	13539	
1	50	303.69	9781	1	70	304.45	13609	
1	500	303.67	10281	3	323	304.5	13932	
1	500	303.65	10781	1	100	304.59	14032	
2	599	303.62	11380	2	101	304.75	14133	
1	100	303.57	11480	1	555	304.8	14688	
7	4017	303.5	15497	1	200	304.81	14888	
1	100	303.46	15597	1	7500	304.85	22388	
1	277	303.41	15874	7	276	305	22664	
1	333	303.4	16207	1	146	305.05	22810	
1	1000	303.2	17207	1	50	305.46	22860	
1	50	303.05	17257	1	400	306.11	23260	
5	122	303	17379	2	2001	306.5	25261	
1	50	302.9	17429	1	150	306.65	25411	
1	50	302.8	17479	1	250	306.68	25661	
3	61	302.25	17540	2	52	307.5	25713	
1	50	301.71	17590	1	300	307.76	26013	
1	50	301.51	17640	1	200	308.19	26213	
1	50	301.05	17690	2	150	311	26363	
1	200	300.79	17890	1	300	316.7	26663	
3	231	300.25	18121	2	52	317	26715	
1	230	299.43	18351	1	250	322	26965	
1	300	298.47	18651	0	0	0	0	
3	2026	298	20677	0	0	0	0	
2	113	296	20790	0	0	0	0	
1	300	295.2	21090	0	0	0	0	
1	100	295	21190	0	0	0	0	
1	97	290.19	21287	0	0	0	0	
3	362	290	21649	0	0	0	0	
3	202	285	21851	0	0	0	0	
1	200	276.01	22051	0	0	0	0	
1	100	275	22151	0	0	0	0	
1	100	274	22251	0	0	0	0	
4	99	260	22350	0	0	0	0	
5	160	250	22510	0	0	0	0	
1	50	247.13	22560	0	0	0	0	
1	600	245.4	23160	0	0	0	0	
1	600	245.37	23760	0	0	0	0	
1	200	240.5	23960	0	0	0	0	
1	200	234	24160	0	0	0	0	
1	200	227.5	24360	0	0	0	0	
1	200	221.99	24560	0	0	0	0	
1	200	214.5	24760	0	0	0	0	
1	100	208.5	24860	0	0	0	0	
1	200	208	25060	0	0	0	0	
1	50	207.15	25110	0	0	0	0	
1	100	200	25210	0	0	0	0	
1	50	199	25260	0	0	0	0	
1	200	195	25460	0	0	0	0	
1	55	183.18	25515	0	0	0	0	
1	200	182	25715	0	0	0	0	
1	100	180	25815	0	0	0	0	
1	100	170	25915	0	0	0	0	
1	200	51.19	26115	0	0	0	0	
1	50	0.83	26165	0	0	0	0	
0	0	0	0	0	0	0	0	
0	0	0	0	0	0	0	0	
0	0	0	0	0	0	0	0	
0	0	0	0	0	0	0	0	
0	0	0	0	0	0	0	0	
0	0	0	0	0	0	0	0	
0	0	0	0	0	0	0	0	
0	0	0	0	0	0	0	0	
0	0	0	0	0	0	0	0	
0	0	0	0	0	0	0	0	
0	0	0	0	0	0	0	0	
0	0	0	0	0	0	0	0	
0	0	0	0	0	0	0	0	
0	0	0	0	0	0	0	0	
0	0	0	0	0	0	0	0	
0	0	0	0	0	0	0	0	
0	0	0	0	0	0	0	0	
0	0	0	0	0	0	0	0	
0	0	0	0	0	0	0	0	
0	0	0	0	0	0	0	0	
0	0	0	0	0	0	0	0	
0	0	0	0	0	0	0	0	
0	0	0	0	0	0	0	0	
0	0	0	0	0	0	0	0	
0	0	0	0	0	0	0	0	
0	0	0	0	0	0	0	0	
0	0	0	0	0	0	0	0	
0	0	0	0	0	0	0	0	
0	0	0	0	0	0	0	0	
0	0	0	0	0	0	0	0	
0	0	0	0	0	0	0	0	
0	0	0	0	0	0	0	0	
0	0	0	0	0	0	0	0	
0	0	0	0	0	0	0	0	
0	0	0	0	0	0	0	0	
0	0	0	0	0	0	0	0	
0	0	0	0	0	0	0	0	
0	0	0	0	0	0	0	0	
0	0	0	0	0	0	0	0	
0	0	0	0	0	0	0	0	
0	0	0	0	0	0	0	0	
0	0	0	0	0	0	0	0	
0	0	0	0	0	0	0	0	
0	0	0	0	0	0	0	0	
0	0	0	0	0	0	0	0	
0	0	0	0	0	0	0	0	
0	0	0	0	0	0	0	0	
0	0	0	0	0	0	0	0	
-{2020-06-01 08:56:02-04:00}-
1	800	303.88	800	2	1500	303.93	1500	
2	600	303.87	1400	3	1800	303.94	3300	
3	1100	303.86	2500	1	800	303.95	4100	
2	600	303.85	3100	2	1000	303.96	5100	
2	600	303.84	3700	2	1000	303.98	6100	
1	500	303.82	4200	1	100	304	6200	
1	500	303.81	4700	2	901	304.01	7101	
1	500	303.8	5200	1	100	304.02	7201	
2	600	303.79	5800	2	1000	304.03	8201	
1	100	303.78	5900	2	1000	304.06	9201	
1	500	303.77	6400	2	1000	304.08	10201	
1	500	303.76	6900	2	1000	304.11	11201	
2	501	303.75	7401	1	500	304.13	11701	
1	500	303.74	7901	1	500	304.16	12201	
1	500	303.72	8401	2	600	304.18	12801	
3	1505	303.7	9906	1	500	304.21	13301	
1	50	303.69	9956	2	200	304.3	13501	
1	500	303.67	10456	1	200	304.37	13701	
1	500	303.65	10956	1	70	304.45	13771	
2	599	303.62	11555	3	323	304.5	14094	
1	500	303.6	12055	1	100	304.59	14194	
1	100	303.57	12155	2	101	304.75	14295	
7	4017	303.5	16172	1	555	304.8	14850	
1	100	303.46	16272	1	200	304.81	15050	
1	277	303.41	16549	1	7500	304.85	22550	
1	333	303.4	16882	7	276	305	22826	
1	1000	303.2	17882	1	146	305.05	22972	
1	50	303.05	17932	1	50	305.46	23022	
5	122	303	18054	1	400	306.11	23422	
1	50	302.9	18104	2	2001	306.5	25423	
1	50	302.8	18154	1	150	306.65	25573	
3	61	302.25	18215	1	250	306.68	25823	
1	50	301.71	18265	2	52	307.5	25875	
1	50	301.51	18315	1	300	307.76	26175	
1	50	301.05	18365	1	200	308.19	26375	
1	200	300.79	18565	2	150	311	26525	
3	231	300.25	18796	1	300	316.7	26825	
1	230	299.43	19026	2	52	317	26877	
1	300	298.47	19326	1	250	322	27127	
3	2026	298	21352	0	0	0	0	
2	113	296	21465	0	0	0	0	
1	300	295.2	21765	0	0	0	0	
1	100	295	21865	0	0	0	0	
1	97	290.19	21962	0	0	0	0	
3	362	290	22324	0	0	0	0	
3	202	285	22526	0	0	0	0	
1	200	276.01	22726	0	0	0	0	
1	100	275	22826	0	0	0	0	
1	100	274	22926	0	0	0	0	
4	99	260	23025	0	0	0	0	
5	160	250	23185	0	0	0	0	
1	50	247.13	23235	0	0	0	0	
1	600	245.4	23835	0	0	0	0	
1	600	245.37	24435	0	0	0	0	
1	200	240.5	24635	0	0	0	0	
1	200	234	24835	0	0	0	0	
1	200	227.5	25035	0	0	0	0	
1	200	221.99	25235	0	0	0	0	
1	200	214.5	25435	0	0	0	0	
1	100	208.5	25535	0	0	0	0	
1	200	208	25735	0	0	0	0	
1	50	207.15	25785	0	0	0	0	
1	100	200	25885	0	0	0	0	
1	50	199	25935	0	0	0	0	
1	200	195	26135	0	0	0	0	
1	55	183.18	26190	0	0	0	0	
1	200	182	26390	0	0	0	0	
1	100	180	26490	0	0	0	0	
1	100	170	26590	0	0	0	0	
1	200	51.19	26790	0	0	0	0	
1	50	0.83	26840	0	0	0	0	
0	0	0	0	0	0	0	0	
0	0	0	0	0	0	0	0	
0	0	0	0	0	0	0	0	
0	0	0	0	0	0	0	0	
0	0	0	0	0	0	0	0	
0	0	0	0	0	0	0	0	
0	0	0	0	0	0	0	0	
0	0	0	0	0	0	0	0	
0	0	0	0	0	0	0	0	
0	0	0	0	0	0	0	0	
0	0	0	0	0	0	0	0	
0	0	0	0	0	0	0	0	
0	0	0	0	0	0	0	0	
0	0	0	0	0	0	0	0	
0	0	0	0	0	0	0	0	
0	0	0	0	0	0	0	0	
0	0	0	0	0	0	0	0	
0	0	0	0	0	0	0	0	
0	0	0	0	0	0	0	0	
0	0	0	0	0	0	0	0	
0	0	0	0	0	0	0	0	
0	0	0	0	0	0	0	0	
0	0	0	0	0	0	0	0	
0	0	0	0	0	0	0	0	
0	0	0	0	0	0	0	0	
0	0	0	0	0	0	0	0	
0	0	0	0	0	0	0	0	
0	0	0	0	0	0	0	0	
0	0	0	0	0	0	0	0	
0	0	0	0	0	0	0	0	
0	0	0	0	0	0	0	0	
0	0	0	0	0	0	0	0	
0	0	0	0	0	0	0	0	
0	0	0	0	0	0	0	0	
0	0	0	0	0	0	0	0	
0	0	0	0	0	0	0	0	
0	0	0	0	0	0	0	0	
0	0	0	0	0	0	0	0	
0	0	0	0	0	0	0	0	
0	0	0	0	0	0	0	0	
0	0	0	0	0	0	0	0	
0	0	0	0	0	0	0	0	
0	0	0	0	0	0	0	0	
0	0	0	0	0	0	0	0	
0	0	0	0	0	0	0	0	
0	0	0	0	0	0	0	0	
0	0	0	0	0	0	0	0	
0	0	0	0	0	0	0	0	
0	0	0	0	0	0	0	0	
-{2020-06-01 08:56:08-04:00}-
1	800	303.88	800	2	1500	303.93	1500	
2	600	303.87	1400	2	1300	303.94	2800	
3	1100	303.86	2500	1	800	303.95	3600	
1	500	303.85	3000	2	1000	303.96	4600	
1	500	303.84	3500	2	1000	303.98	5600	
1	500	303.82	4000	2	901	304.01	6501	
2	600	303.81	4600	1	100	304.02	6601	
2	600	303.8	5200	2	1000	304.03	7601	
1	500	303.79	5700	2	1000	304.06	8601	
1	500	303.77	6200	2	1000	304.08	9601	
1	500	303.76	6700	2	1000	304.11	10601	
2	501	303.75	7201	1	500	304.13	11101	
1	500	303.74	7701	1	500	304.16	11601	
1	500	303.72	8201	2	600	304.18	12201	
3	1505	303.7	9706	1	500	304.21	12701	
1	50	303.69	9756	2	200	304.3	12901	
1	500	303.67	10256	1	200	304.37	13101	
1	500	303.65	10756	1	70	304.45	13171	
2	599	303.62	11355	3	323	304.5	13494	
1	500	303.6	11855	1	100	304.59	13594	
1	100	303.57	11955	2	101	304.75	13695	
7	4017	303.5	15972	1	555	304.8	14250	
1	100	303.46	16072	1	200	304.81	14450	
1	277	303.41	16349	1	7500	304.85	21950	
1	333	303.4	16682	7	276	305	22226	
1	1000	303.2	17682	1	146	305.05	22372	
1	50	303.05	17732	1	50	305.46	22422	
5	122	303	17854	1	400	306.11	22822	
1	50	302.9	17904	2	2001	306.5	24823	
1	50	302.8	17954	1	150	306.65	24973	
3	61	302.25	18015	1	250	306.68	25223	
1	50	301.71	18065	2	52	307.5	25275	
1	50	301.51	18115	1	300	307.76	25575	
1	50	301.05	18165	1	200	308.19	25775	
1	200	300.79	18365	2	150	311	25925	
3	231	300.25	18596	1	300	316.7	26225	
1	230	299.43	18826	2	52	317	26277	
1	300	298.47	19126	1	250	322	26527	
3	2026	298	21152	0	0	0	0	
2	113	296	21265	0	0	0	0	
1	300	295.2	21565	0	0	0	0	
1	100	295	21665	0	0	0	0	
1	97	290.19	21762	0	0	0	0	
3	362	290	22124	0	0	0	0	
3	202	285	22326	0	0	0	0	
1	200	276.01	22526	0	0	0	0	
1	100	275	22626	0	0	0	0	
1	100	274	22726	0	0	0	0	
4	99	260	22825	0	0	0	0	
5	160	250	22985	0	0	0	0	
1	50	247.13	23035	0	0	0	0	
1	600	245.4	23635	0	0	0	0	
1	600	245.37	24235	0	0	0	0	
1	200	240.5	24435	0	0	0	0	
1	200	234	24635	0	0	0	0	
1	200	227.5	24835	0	0	0	0	
1	200	221.99	25035	0	0	0	0	
1	200	214.5	25235	0	0	0	0	
1	100	208.5	25335	0	0	0	0	
1	200	208	25535	0	0	0	0	
1	50	207.15	25585	0	0	0	0	
1	100	200	25685	0	0	0	0	
1	50	199	25735	0	0	0	0	
1	200	195	25935	0	0	0	0	
1	55	183.18	25990	0	0	0	0	
1	200	182	26190	0	0	0	0	
1	100	180	26290	0	0	0	0	
1	100	170	26390	0	0	0	0	
1	200	51.19	26590	0	0	0	0	
1	50	0.83	26640	0	0	0	0	
0	0	0	0	0	0	0	0	
0	0	0	0	0	0	0	0	
0	0	0	0	0	0	0	0	
0	0	0	0	0	0	0	0	
0	0	0	0	0	0	0	0	
0	0	0	0	0	0	0	0	
0	0	0	0	0	0	0	0	
0	0	0	0	0	0	0	0	
0	0	0	0	0	0	0	0	
0	0	0	0	0	0	0	0	
0	0	0	0	0	0	0	0	
0	0	0	0	0	0	0	0	
0	0	0	0	0	0	0	0	
0	0	0	0	0	0	0	0	
0	0	0	0	0	0	0	0	
0	0	0	0	0	0	0	0	
0	0	0	0	0	0	0	0	
0	0	0	0	0	0	0	0	
0	0	0	0	0	0	0	0	
0	0	0	0	0	0	0	0	
0	0	0	0	0	0	0	0	
0	0	0	0	0	0	0	0	
0	0	0	0	0	0	0	0	
0	0	0	0	0	0	0	0	
0	0	0	0	0	0	0	0	
0	0	0	0	0	0	0	0	
0	0	0	0	0	0	0	0	
0	0	0	0	0	0	0	0	
0	0	0	0	0	0	0	0	
0	0	0	0	0	0	0	0	
0	0	0	0	0	0	0	0	
0	0	0	0	0	0	0	0	
0	0	0	0	0	0	0	0	
0	0	0	0	0	0	0	0	
0	0	0	0	0	0	0	0	
0	0	0	0	0	0	0	0	
0	0	0	0	0	0	0	0	
0	0	0	0	0	0	0	0	
0	0	0	0	0	0	0	0	
0	0	0	0	0	0	0	0	
0	0	0	0	0	0	0	0	
0	0	0	0	0	0	0	0	
0	0	0	0	0	0	0	0	
0	0	0	0	0	0	0	0	
0	0	0	0	0	0	0	0	
0	0	0	0	0	0	0	0	
0	0	0	0	0	0	0	0	
0	0	0	0	0	0	0	0	
0	0	0	0	0	0	0	0	
0	0	0	0	0	0	0	0	
